2.130000000000000000e+02 1.025000000000000000e+02 2.042187500000000000e+01
2.055000000000000000e+02 5.000000000000000000e+01 2.977500000000000000e+02
9.000000000000000000e+01 1.375000000000000000e+02 1.707500000000000000e+02
1.095000000000000000e+02 1.050000000000000000e+02 5.181250000000000000e+01
2.700000000000000000e+01 1.350000000000000000e+02 7.412500000000000000e+01
3.510000000000000000e+02 7.000000000000000000e+01 2.480000000000000000e+02
6.900000000000000000e+01 6.000000000000000000e+01 2.160000000000000000e+02
8.400000000000000000e+01 3.250000000000000000e+01 1.402500000000000000e+02
2.355000000000000000e+02 8.250000000000000000e+01 3.020000000000000000e+02
2.580000000000000000e+02 1.125000000000000000e+02 3.520000000000000000e+02
1.035000000000000000e+02 7.250000000000000000e+01 2.890000000000000000e+02
3.465000000000000000e+02 1.225000000000000000e+02 1.785000000000000000e+02
2.820000000000000000e+02 8.500000000000000000e+01 3.500000000000000000e+02
3.180000000000000000e+02 9.500000000000000000e+01 2.895000000000000000e+02
3.015000000000000000e+02 1.250000000000000000e+02 2.105000000000000000e+02
3.045000000000000000e+02 8.250000000000000000e+01 2.870000000000000000e+02
2.265000000000000000e+02 4.000000000000000000e+01 2.321875000000000000e+01
2.295000000000000000e+02 1.000000000000000000e+02 2.535937500000000000e+01
1.305000000000000000e+02 1.000000000000000000e+02 1.775000000000000000e+01
1.875000000000000000e+02 3.000000000000000000e+01 1.450000000000000000e+02
6.150000000000000000e+01 5.250000000000000000e+01 6.315625000000000000e+01
3.150000000000000000e+01 1.325000000000000000e+02 2.478750000000000000e+02
1.185000000000000000e+02 1.300000000000000000e+02 0.000000000000000000e+00
2.610000000000000000e+02 1.525000000000000000e+02 1.527500000000000000e+02
8.700000000000000000e+01 1.400000000000000000e+02 2.321875000000000000e+01
2.895000000000000000e+02 1.025000000000000000e+02 1.276562500000000000e+01
1.410000000000000000e+02 3.750000000000000000e+01 3.272500000000000000e+02
9.000000000000000000e+00 7.500000000000000000e+01 2.460000000000000000e+02
1.650000000000000000e+01 7.000000000000000000e+01 3.067500000000000000e+02
3.045000000000000000e+02 9.750000000000000000e+01 1.460000000000000000e+02
3.285000000000000000e+02 1.050000000000000000e+02 2.589843750000000000e+00
2.595000000000000000e+02 1.125000000000000000e+02 2.706250000000000000e+01
3.075000000000000000e+02 9.000000000000000000e+01 9.500000000000000000e+01
3.360000000000000000e+02 1.250000000000000000e+02 2.043750000000000000e+02
7.200000000000000000e+01 1.100000000000000000e+02 1.333593750000000000e+01
2.100000000000000000e+02 1.625000000000000000e+02 1.255625000000000000e+02
3.060000000000000000e+02 7.750000000000000000e+01 5.105468750000000000e+00
3.075000000000000000e+02 1.000000000000000000e+02 1.014375000000000000e+02
4.650000000000000000e+01 4.500000000000000000e+01 3.247500000000000000e+02
1.830000000000000000e+02 1.050000000000000000e+02 2.848437500000000000e+01
3.330000000000000000e+02 1.725000000000000000e+02 2.273750000000000000e+02
3.270000000000000000e+02 8.250000000000000000e+01 3.020312500000000000e+01
1.260000000000000000e+02 1.550000000000000000e+02 6.493750000000000000e+01
6.000000000000000000e+01 8.000000000000000000e+01 2.332500000000000000e+02
6.900000000000000000e+01 1.100000000000000000e+02 5.865625000000000000e+01
3.150000000000000000e+02 5.250000000000000000e+01 1.326250000000000000e+02
3.510000000000000000e+02 5.500000000000000000e+01 2.471250000000000000e+02
4.650000000000000000e+01 1.075000000000000000e+02 3.232500000000000000e+02
2.205000000000000000e+02 8.500000000000000000e+01 1.082500000000000000e+02
1.455000000000000000e+02 8.250000000000000000e+01 3.372500000000000000e+02
1.815000000000000000e+02 1.275000000000000000e+02 2.590000000000000000e+02
3.000000000000000000e+02 9.750000000000000000e+01 2.517187500000000000e+01
1.695000000000000000e+02 1.050000000000000000e+02 2.822500000000000000e+02
3.330000000000000000e+02 9.500000000000000000e+01 2.291250000000000000e+02
1.650000000000000000e+01 1.175000000000000000e+02 2.952500000000000000e+02
2.550000000000000000e+02 1.250000000000000000e+02 1.190000000000000000e+02
8.850000000000000000e+01 8.000000000000000000e+01 7.606250000000000000e+01
2.970000000000000000e+02 7.500000000000000000e+01 2.875000000000000000e+02
7.800000000000000000e+01 1.375000000000000000e+02 3.340000000000000000e+02
2.310000000000000000e+02 8.000000000000000000e+01 2.915000000000000000e+02
9.450000000000000000e+01 2.750000000000000000e+01 3.490000000000000000e+02
1.845000000000000000e+02 5.000000000000000000e+01 6.875000000000000000e+01
1.965000000000000000e+02 6.750000000000000000e+01 0.000000000000000000e+00
2.985000000000000000e+02 4.250000000000000000e+01 3.080000000000000000e+02
1.620000000000000000e+02 8.750000000000000000e+01 3.500000000000000000e+02
1.155000000000000000e+02 6.750000000000000000e+01 6.493750000000000000e+01
2.850000000000000000e+01 8.750000000000000000e+01 2.250000000000000000e+01
2.550000000000000000e+02 9.250000000000000000e+01 2.100000000000000000e+02
4.050000000000000000e+01 3.500000000000000000e+01 3.340000000000000000e+02
3.105000000000000000e+02 3.000000000000000000e+01 2.800000000000000000e+02
7.200000000000000000e+01 8.250000000000000000e+01 1.510156250000000000e+01
3.090000000000000000e+02 9.750000000000000000e+01 1.460000000000000000e+02
2.295000000000000000e+02 1.100000000000000000e+02 2.132812500000000000e+01
3.525000000000000000e+02 9.500000000000000000e+01 8.812500000000000000e+01
2.685000000000000000e+02 5.750000000000000000e+01 2.379687500000000000e+01
2.865000000000000000e+02 9.000000000000000000e+01 2.550000000000000000e+02
1.800000000000000000e+01 3.500000000000000000e+01 3.557500000000000000e+02
3.300000000000000000e+02 1.175000000000000000e+02 1.968750000000000000e+01
4.950000000000000000e+01 1.100000000000000000e+02 9.868750000000000000e+01
1.665000000000000000e+02 1.525000000000000000e+02 5.453125000000000000e+01
2.805000000000000000e+02 1.250000000000000000e+02 9.156250000000000000e+00
1.035000000000000000e+02 8.250000000000000000e+01 8.306250000000000000e+01
7.500000000000000000e+01 1.100000000000000000e+02 4.265625000000000000e+01
3.090000000000000000e+02 3.750000000000000000e+01 1.963750000000000000e+02
1.395000000000000000e+02 1.175000000000000000e+02 3.430000000000000000e+02
2.775000000000000000e+02 5.250000000000000000e+01 2.526250000000000000e+02
3.090000000000000000e+02 7.750000000000000000e+01 2.425000000000000000e+02
1.350000000000000000e+02 1.100000000000000000e+02 1.226875000000000000e+02
2.700000000000000000e+02 1.125000000000000000e+02 1.298750000000000000e+02
7.350000000000000000e+01 1.050000000000000000e+02 2.538750000000000000e+02
7.650000000000000000e+01 6.000000000000000000e+01 7.775000000000000000e+01
1.545000000000000000e+02 1.400000000000000000e+02 1.548750000000000000e+02
3.540000000000000000e+02 1.075000000000000000e+02 2.023750000000000000e+02
2.925000000000000000e+02 1.250000000000000000e+01 2.321875000000000000e+01
9.450000000000000000e+01 1.075000000000000000e+02 3.572500000000000000e+02
1.320000000000000000e+02 1.675000000000000000e+02 2.555000000000000000e+02
3.375000000000000000e+02 7.000000000000000000e+01 2.160000000000000000e+02
