20.281250 100.000000 333.000000 
297.750000 50.000000 325.500000 
170.750000 137.500000 210.000000
51.812500 105.000000 229.500000 
74.125000 135.000000 147.000000 
250.625000 70.000000 109.500000 
216.000000 60.000000 189.000000 
140.250000 32.500000 204.000000 
302.000000 82.500000 355.500000 
354.500000 112.500000 16.500000 
289.000000 72.500000 223.500000 
292.000000 95.000000 76.500000 
181.500000 122.500000 105.000000
352.500000 85.000000 40.500000 
213.500000 125.000000 60.000000 
289.500000 82.500000 63.000000 
23.218750 40.000000 346.500000 
132.625000 52.500000 75.000000 
331.250000 37.500000 258.000000 
17.750000 100.000000 250.500000 
25.359375 100.000000 349.500000 
63.156250 52.500000 181.500000 
145.000000 30.000000 307.500000 
247.875000 132.500000 151.500000
0.000000 130.000000 238.500000 
158.125000 152.500000 19.500000 
23.218750 140.000000 207.000000 
15.320312 102.500000 48.000000 
246.000000 75.000000 129.000000 
148.500000 97.500000 63.000000 
306.750000 70.000000 136.500000 
29.781250 112.500000 18.000000 
97.500000 90.000000 66.000000 
5.179688 105.000000 87.000000 
13.335938 110.000000 192.000000 
207.500000 125.000000 94.500000 
103.937500 100.000000 66.000000 
7.660156 77.500000 64.500000 
35.687500 57.500000 192.000000 
125.562500 162.500000 330.000000
246.375000 172.500000 91.500000 
324.750000 45.000000 166.500000 
28.484375 105.000000 303.000000 
32.718750 82.500000 85.500000 
64.937500 155.000000 246.000000 
58.656250 110.000000 189.000000 
233.250000 80.000000 180.000000 
323.250000 107.500000 166.500000
259.000000 127.500000 301.500000
250.125000 55.000000 109.500000 
108.250000 85.000000 340.500000 
27.687500 97.500000 58.500000 
337.250000 82.500000 265.500000 
122.062500 125.000000 13.500000 
282.250000 105.000000 289.500000
231.625000 95.000000 91.500000 
334.000000 137.500000 198.000000
291.500000 80.000000 351.000000 
295.250000 117.500000 136.500000
290.000000 75.000000 55.500000 
76.062500 80.000000 208.500000 
68.750000 50.000000 304.500000 
360.000000 67.500000 316.500000 
349.000000 27.500000 214.500000 
311.750000 42.500000 57.000000 
64.937500 67.500000 235.500000 
22.500000 87.500000 148.500000 
334.000000 35.000000 160.500000 
21.328125 110.000000 349.500000 
285.000000 30.000000 69.000000
148.500000 97.500000 67.500000 
212.500000 92.500000 13.500000 
350.000000 87.500000 282.000000 
90.625000 95.000000 111.000000 
15.101562 82.500000 192.000000
22.500000 117.500000 88.500000 
257.500000 90.000000 45.000000 
26.781250 57.500000 27.000000 
355.750000 35.000000 138.000000 
98.687500 110.000000 169.500000 
54.531250 152.500000 286.500000 
42.656250 110.000000 195.000000 
12.203125 125.000000 39.000000 
343.000000 117.500000 259.500000
200.500000 37.500000 67.500000 
289.750000 55.000000 312.000000 
255.750000 52.500000 36.000000 
83.062500 82.500000 223.500000 
154.875000 140.000000 274.500000
205.000000 107.500000 112.500000
132.625000 112.500000 28.500000 
77.750000 60.000000 196.500000 